# Created by COMSOL Multiphysics.

107 # number of mesh points

# Mesh point coordinates
-13.666666666666657 80 
-0.5 80 
-40 -5 
-26.833333333333329 80 
-40 80 
-13.678291015290956 70.686870643471622 
-0.5 63.718450970121836 
-0.5 51.907491017663332 
-0.5 45.530547210598343 
-0.5 42.257188394551285 
-40 -2.4341092892503156 
-38.48351059343257 -3.3486931971086653 
-37.5 -5 
-0.5 40.5 
-30.892455946289836 68.810010396248543 
-21.503040032450311 65.756326821495307 
-40 62.568540865326483 
-2.3702953932283237 40.765785666380573 
-10.326016438888708 56.968300749309876 
-6.4681798886678283 48.084755030013902 
-3.9978706638383534 43.19706885782481 
-40 0 
-37.96133322492306 -1.5769778306257467 
-36.956219742239774 -2.7323788656672652 
-39.999999999999993 3.6214201935339556 
0.5 80 
0.5 42.257188394551314 
0.5 40.5 
0 40 
-1.0955953142805344 39.512871932935916 
-2.9549023703155681 38.933680120885541 
-25.57346460156662 55.770173151453676 
-40 45.13708173065293 
-5.1915587891723654 40.079557708779149 
-15.566742181041972 48.250956277253181 
-8.9825250305890076 42.459955065142502 
-40 27.705622595979381 
-40 11.799453225852528 
-36.853500289893567 0 
-35.466290500053589 -0.97493842664589958 
-34.715489904289882 5.0839380711642201 
0.5 45.530547210598357 
3.7853396581680099 43.706963254654028 
0.5 51.90749101766334 
0.5 63.718450970121836 
8.8876029868703164 68.991888561586279 
13.66666666666667 80 
26.833333333333339 80 
1.070728459367059 39.327533671296187 
2.9436018440984348 41.198746758949468 
2.2374414013122053 39.712757038686206 
0.24719330876017809 38.246948586076954 
-1.8125868431531795 37.164814756773417 
-4.3044755117434352 37.145370539558648 
-25.574578582341527 37.557248309261013 
-8.3058892212142652 36.557624608129572 
-14.425031494931517 38.506680838247433 
-29.782618065992036 19.73333360453039 
-31.517586283188535 9.9738534145222388 
-32.5 0 
-30.886804428967629 4.3485617160596401 
5.5586929444523747 41.243642539628759 
5.7918702693706621 48.467941956402719 
7.4178728910865868 43.543712667793557 
9.323173230535744 56.083781477925946 
16.979077600434543 66.475084589138291 
26.813609559048487 69.751885166774173 
40 80 
2.2857154545535079 37.62379950714854 
4.779538661743632 38.82216925533055 
0.50175423777676742 36.058996017048919 
-3.1720278677446059 32.627978194837191 
-13.695422459470812 27.707619931450928 
-22.492018462261179 8.8684377188794059 
-26.936015860584142 0 
8.8741608334519704 38.954423733944779 
13.788470361177557 45.457223632982206 
24.787808843402875 55.820435064643156 
40 64.317457904340273 
4.8762795514973201 33.561593491736176 
-0.37405828577854716 23.142407795417096 
-7.5464740577495908 11.783119135603329 
-15.996936174661203 0 
15.38355069501905 33.992920384548043 
26.778127075104518 39.968789422065036 
40 48.634915808680546 
12.971635782041563 22.243676426905338 
7.3301016883849703 10.980248899751386 
-0.050510472476219093 0 
26.708932551027623 22.954867928515391 
40 32.952373713020826 
23.058083637677804 8.7122900405825465 
15.921933526594815 0 
32.6531473195286 11.052350747952282 
40 17.375719609272807 
30.325503261846968 4.8768524621681966 
26.904938499915012 0 
34.710650577978967 4.4323290509714397 
40 6.2265124445213171 
37.357510808321202 2.735341852826799 
32.5 0 
36.049629735499188 0 
40 0 
36.349954829456991 -1.8097260601727629 
40 -2.9473703353614238 
37.5 -5 
40 -5 

edg # type name

2 # number of nodes per element
51 # number of elements
# Elements
0 1 
3 0 
4 3 
1 6 
6 7 
7 8 
8 9 
2 10 
12 2 
9 13 
16 4 
10 21 
23 12 
21 24 
27 26 
13 28 
28 27 
32 16 
36 32 
24 37 
37 36 
21 38 
39 23 
26 41 
41 43 
43 44 
44 25 
25 46 
46 47 
38 59 
59 39 
47 67 
74 59 
67 78 
82 74 
78 85 
88 82 
85 90 
92 88 
90 94 
96 92 
94 98 
100 96 
100 101 
101 102 
98 102 
103 100 
102 104 
105 103 
106 105 
104 106 

51 # number of geometric entity indices
# Geometric entity indices
4 
4 
4 
6 
6 
6 
6 
0 
1 
6 
2 
0 
13 
2 
7 
14 
15 
2 
2 
2 
2 
3 
13 
7 
7 
7 
7 
8 
8 
3 
13 
8 
5 
12 
5 
12 
5 
12 
5 
12 
5 
12 
5 
9 
9 
12 
16 
11 
16 
10 
11 

tri # type name

3 # number of nodes per element
165 # number of elements
# Elements
1 0 5 
0 3 5 
6 1 5 
10 2 11 
2 12 11 
3 4 14 
3 14 15 
3 15 5 
4 16 14 
13 9 17 
7 6 18 
18 6 5 
18 5 15 
8 7 19 
19 7 18 
9 8 20 
17 9 20 
20 8 19 
21 10 22 
22 10 11 
12 23 11 
22 11 23 
28 13 29 
29 13 17 
29 17 30 
16 31 14 
15 14 31 
18 15 31 
16 32 31 
17 20 33 
30 17 33 
19 18 34 
34 18 31 
20 19 35 
33 20 35 
35 19 34 
38 21 22 
24 21 38 
23 39 22 
39 38 22 
38 40 24 
24 40 37 
41 26 42 
25 44 45 
46 25 45 
27 28 48 
26 27 49 
42 26 49 
49 27 50 
27 48 50 
28 29 51 
48 28 51 
51 29 52 
52 29 30 
52 30 53 
30 33 53 
32 36 54 
31 32 54 
31 54 34 
33 35 55 
33 55 53 
35 34 56 
55 35 56 
56 34 54 
36 37 57 
54 36 57 
57 37 58 
40 58 37 
39 59 38 
38 59 40 
40 59 60 
60 58 40 
42 49 61 
43 41 62 
62 41 42 
62 42 63 
42 61 63 
44 43 64 
44 64 45 
64 43 62 
46 45 65 
65 45 64 
47 46 66 
46 65 66 
67 47 66 
48 51 68 
50 48 68 
69 50 68 
49 50 69 
69 61 49 
68 51 70 
70 51 52 
71 52 53 
52 71 70 
71 53 55 
54 57 72 
54 72 56 
56 72 55 
55 72 71 
60 73 58 
57 58 73 
72 57 73 
59 74 60 
60 74 73 
63 61 75 
69 75 61 
64 62 76 
62 63 76 
63 75 76 
77 66 65 
76 77 64 
77 65 64 
78 67 66 
77 78 66 
68 70 79 
79 70 71 
69 68 79 
79 75 69 
72 80 71 
80 79 71 
73 81 72 
81 80 72 
74 82 73 
73 82 81 
83 76 75 
83 75 79 
84 77 76 
84 76 83 
85 78 77 
84 85 77 
80 86 79 
83 79 86 
81 87 80 
80 87 86 
82 88 81 
81 88 87 
89 84 83 
89 83 86 
90 85 84 
89 90 84 
91 89 86 
86 87 91 
88 92 87 
87 92 91 
93 89 91 
94 90 89 
94 89 93 
91 95 93 
92 96 91 
91 96 95 
95 97 93 
98 94 93 
98 93 97 
97 99 98 
96 100 95 
95 100 97 
100 101 97 
97 101 99 
101 102 99 
102 98 99 
101 100 103 
101 103 102 
103 104 102 
104 103 105 
105 106 104 
